 5001.006   5001.481    17.835   1.1754	   9.70   0.20   3.31   0.03   0.73   37   10.36   0.12   3.42   0.02
 3620.404    3363.04     18.39   1.1596    1.85   0.01   3.23   0.01   0.96   40    1.41   0.01   2.74   0.01
 3560.496   5643.075   18.6355    1.066    1.03   0.01   5.91   0.03   0.76  -47    0.52   0.01   3.51   0.79
 6110.091   4932.229    18.861   1.1601	   0.75   0.01   2.54   0.01   0.82  -67    0.81   0.01   2.56   0.01
 3507.928   5246.958   18.9168   1.1524	   1.05   0.01   2.79   0.01   0.26   46    0.96   0.01   2.27   0.01
 3375.433   7322.101   18.9205   1.1779    1.76   0.04   6.08   0.05   0.70   -7   -9.99  -9.99  -9.99  -9.99
 3064.439   6413.729   19.0128   1.2087    1.93   0.05   7.15   0.06   0.87  -31    2.36   0.07   7.19   0.07
 2790.526   3879.382   19.1046   1.2106    0.86   0.01   4.00   0.02   0.74   63    1.17   0.02   4.36   0.03
 6521.059   4695.603   19.2919   1.1629    0.67   0.01   7.52   0.07   0.96   87    0.58   0.03   5.98   0.15
 4075.648   6134.012    19.393    1.164    0.65   0.01   6.49   0.06   0.56  -34    0.64   0.01   5.36   0.05
 6274.231   5195.935   19.4323   1.1536    0.52   0.01   4.26   0.02   0.58   81    0.55   0.01   3.91   0.02
  5730.34   2067.918   19.4567   1.2194    0.64   0.01   6.62   0.07   0.82   46    0.55   0.01   5.15   0.04
 5078.738   4738.877   19.4851   1.1314    0.36   0.01   2.68   0.01   0.85   22    0.38   0.01   2.70   0.01
 4727.044   3231.579   19.5546   1.1838    0.68   0.01   3.32   0.02   0.49   38    0.63   0.01   2.82   0.02
 2697.524   7057.935   19.5886   1.1581    1.53   0.03   4.66   0.05   0.64  -46    1.22   0.02   3.99   0.04
 4662.146   8309.075   19.5986   1.1362	   0.60   0.01   4.07   0.03   0.47  -13    0.72   0.01   4.62   0.04
  6307.55   4364.626   19.7083   1.1446    0.82   0.01   3.69	0.02   0.38   18    0.74   0.01   3.05   0.02
 4829.437   5582.696   19.7113   1.1544    0.85   0.01   3.09   0.02   0.52  -13    0.85   0.01   2.53   0.02
 5804.909   1677.859   19.7164   1.1385    0.91	  0.03   5.61   0.11   0.41  -79    0.81   0.01   4.71   0.04
  3044.36   7852.623   19.7448   1.1098    0.51   0.02   6.19   0.17   0.53  -67    0.51   0.01   5.40   0.05
  5677.12   4685.883    19.773   1.1343    0.50   0.01   3.95   0.05   0.84   31    0.41   0.01   3.07   0.02
 5241.614   3339.149   19.8437   1.1345    0.51   0.01   3.94   0.04   0.80  -34    0.44   0.01   3.37   0.03
 2193.252   4361.844   19.8922   1.1509    0.33   0.01   3.61   0.04   0.73   52    0.35   0.01   3.26   0.01
 3856.903   8156.564    19.904   1.0827    1.68	  0.11   9.19   0.20   0.71  -72    1.35   0.06   7.51   0.12
  4408.83   7199.212   19.9139   1.1431    1.95   0.12   7.77   0.16   0.94  -23    1.14   0.04   5.49   0.09
 5125.229   7800.028   19.9646   1.1109    2.02   0.10   6.05   0.11   0.73    1    1.06   0.02   4.27   0.05
 4641.567   5345.561    20.024   1.0995    0.61	  0.01   4.81   0.07   0.62   -7    0.44   0.01   3.46   0.08
 4003.109   2484.201   20.0301   1.1334    0.70   0.01   4.84   0.06   0.58  -86    0.52   0.01   3.43   0.03    
 2144.324   7096.062   20.0517   1.1277    0.21   0.01   4.29   0.03   0.44   73    0.23   0.01   5.11   0.04
 5789.331   2750.646   20.1241   1.1426    0.65   0.08   2.52   0.24   0.63   63    0.74   0.02   2.61   0.06
 6265.286    4465.17   20.1672   1.0686    0.56   0.01   4.25   0.04   0.45  -75    0.51   0.01   3.51   0.03 
 4544.753    5430.88   20.2082   1.1138    0.35   0.01   4.26   0.05   0.73  -29    0.36   0.01   4.09   0.05
 2278.567    4293.39   20.2422   1.1033    0.36   0.01   4.15   0.11   0.56   81    0.38   0.01   3.85   0.08
 5113.086   4047.319   20.2422   1.0754    0.89   0.02   4.23   0.06   0.33  -48    0.85   0.02   3.84   0.06
 6420.522   6984.902   20.3037   1.1044    1.06   0.04   4.45   0.08   0.59   86    0.60   0.01   2.92   0.03
 3794.554   6026.385   20.3093   1.0605    0.38   0.01   2.32   0.01   0.63  -69    0.37   0.01   2.01   0.01
 4886.145   3841.878   20.3169   1.0927    0.56   0.02   1.51   0.07   0.39  -44    0.37   0.01   2.39   0.02
 4442.602   5021.439   20.3187   1.1033    0.27   0.01   5.13   0.07   0.78   46    0.29   0.01   4.82   0.06
 4111.251   3865.291    20.345   1.1012    2.90   0.19   7.68   0.17   0.72   18    1.20   0.11   5.26   0.23
 5106.172   4665.629   20.3533   1.1671    0.20   0.01   3.07   0.04   0.85  -73    0.22   0.01   3.11   0.02
 2427.932   5221.323   20.4047     1.19    0.26   0.01   2.24   0.03   0.54   50    0.27   0.01   1.94   0.04
 5039.054   4903.821   20.4225   1.1765    0.12   0.01   2.24   0.10   0.90   64    0.13   0.01   2.13   0.04
 5928.012   4815.588   20.5484   1.0917    0.90   0.07   9.24   0.27   0.72   26    1.00   0.08   9.37   0.27
 4125.112   6837.022   20.6069   1.1181    0.18   0.01   4.31   0.05   0.54   37    0.18   0.01   3.30   0.07
 3569.538   6666.621   20.6508   1.0794    1.75   0.11   2.98   0.09   0.98  -69    1.11   0.05   2.37   0.05
 2257.629   7500.846     20.72   1.0428    4.26   0.46   5.06   0.18   0.59  -18    1.78   0.09   3.52   0.09
 4552.514   7789.334   20.7481    1.014    0.24   0.01   2.53   0.02   0.41    5    0.26   0.01   2.93   0.08
  3800.25   7342.847   20.7945   0.9293    0.25   0.01   2.07   0.02   0.34  -48    0.27   0.01   1.70   0.02
  4466.46   5956.709   20.8116   1.0981    0.61   0.02   4.00   0.09   0.83   10    0.69   0.02   4.15   0.08
 3343.424    6143.74    20.824   1.0758    0.14   0.01   3.15   0.04   0.74  -48    0.16   0.01   2.83   0.03
 3802.513   3548.252   20.8318   1.0989    0.35   0.01   3.35   0.05   0.73  -63    0.40   0.01   2.87   0.04
  769.066   5601.333   20.8862   1.0961    0.29   0.03   3.29   0.34   0.50  -29    0.27   0.01   2.75   0.02
 5798.172   2010.619   20.9479    0.967    1.41   0.14   7.07   0.28   0.71   84    1.18   0.06   5.53   0.13
 2755.146   2708.917   20.9633   1.0897    1.33   0.13   6.77   0.26   0.82   44    0.82   0.04   5.02   0.12
 2249.283   7197.037   20.9797   1.1118    0.15   0.01   2.85   0.05   0.57   -5    0.16   0.01   2.67   0.06
 5201.793   7275.592    20.998   1.0718    0.30   0.01   2.37   0.03   0.70   47    0.35   0.01   2.42   0.03
 5484.208   5308.951   20.9993   1.0808    0.28   0.01   2.73   0.03   0.50   12    0.29   0.01   2.54   0.02
 4575.952   5679.259   21.0079   1.0928    0.30   0.01   2.86   0.04   0.70   42    0.31   0.01   2.59   0.03
 5109.196   3260.477   21.0199   1.0058    0.43   0.01   1.71   0.02   0.64  -55    0.47   0.01   1.73   0.02
 3740.085   3769.526   21.0294   1.0359    0.74   0.02   2.99   0.06   0.38   84    0.70   0.01   2.70   0.04
 2151.402   3893.769   21.0377   1.0121    0.65   0.02   2.45   0.07   0.27  -88    0.67   0.01   2.47   0.03
  5838.91    3841.38     21.13   1.0511    0.19   0.01   4.22   0.07   0.63   85    0.24   0.01   4.84   0.10
 5038.096   6780.463   21.1699   1.1942    0.13   0.01   2.49   0.08   0.77   47    0.15   0.01   2.32   0.03
 5303.484   5543.179   21.2571   1.0248    0.76   0.04   2.59   0.10   0.54  -75    0.86   0.03   2.91   0.07
 1705.756   6405.663   21.4779   0.9581    0.26   0.02   0.97   0.18   0.77   52    0.29   0.01   1.08   0.02
 2455.636   6064.226   21.4884   1.1114    0.49   0.01   2.19   0.05   0.77    3    0.42   0.01   1.85   0.03
 6040.975   7238.352   21.4977   0.8505    0.38   0.01   1.40   0.02   0.38    8    0.36   0.01   1.40   0.02
 5210.878   5366.029   21.5101   1.1576    0.18   0.01   4.42   0.13   0.80  -15    0.18   0.01   3.84   0.08
 6256.619   2780.809   21.5134   0.9946    0.49   0.01   1.82   0.04   0.44   74    0.47   0.01   1.64   0.02
 6113.915   5042.474    21.595   0.9558    0.70   0.02   0.90   0.04   0.41   53   -9.99  -9.99  -9.99  -9.99
 5051.691   5080.311    21.624   1.1345    0.06   0.01   1.50   0.23   0.83  -83    0.08   0.01   2.08   0.10
 3590.734   7453.287   21.6613   1.0382    0.26   0.01   1.74   0.03   0.71  -16    0.27   0.01   1.58   0.02
 2749.167   7255.436   21.6617   1.0284    0.23   0.01   2.20   0.03   0.83   29    0.24   0.01   2.20   0.03
 3361.153     7102.8   21.6767   1.0595    0.33   0.02   3.90   0.11   0.31  -43   -9.99  -9.99  -9.99  -9.99
 5457.521   2850.381   21.6884   1.0658    0.46   0.01   1.60   0.04   0.82   24    0.45   0.01   1.60   0.03
 5414.599   4771.015   21.7095   1.0315    0.50   0.03   1.96   0.10   0.66  -88    0.57   0.02   2.50   0.07
  4864.31   6931.227   21.7682   1.0483    0.18   0.01   6.76   0.31   0.87  -53    0.17   0.01   5.24   0.17
 6102.299   2241.999   21.7981   0.9931    0.36   0.02   3.27   0.14   0.89   -1    0.36   0.01   2.87   0.08
 4678.176   7361.833   21.8437   0.9638    0.32   0.01   1.33   0.03   0.94   -7    0.35   0.01   1.52   0.03
 5548.354   3847.651   21.8473   1.2518    0.38   0.02   2.65   0.14   0.52  -54    0.27   0.01   2.25   0.06
 3265.249   2665.729   21.8836   0.8446    0.48   0.01   1.53   0.03   0.29   74    0.53   0.01   1.39   0.02
 4799.719   1740.588   21.9209   0.9991    0.36   0.01   1.96   0.05   0.50   46    0.37   0.01   1.84   0.03
 3875.927   2366.136   21.9587   1.0972    0.77   0.04   2.12   0.08   0.74  -84    0.78   0.05   2.24   0.09
 3950.366   5013.429    21.978   1.0029    0.29   0.01   1.58   0.03   0.54  -33    0.31   0.01   1.48   0.02
 4180.935   4765.039   21.9935   1.0534    0.44   0.03   2.97   0.13   0.90   44    0.43   0.02   2.93   0.09