 7779.476  4484.333   18.5813    0.8547    0.58   0.01   3.13   0.01   0.80    -9     0.69   0.01    3.20   0.01
 3527.416  3293.958   18.8063    0.9091    0.55   0.01   3.75   0.02   0.92   -51     0.61   0.01    3.58   0.02
 5142.771  7964.634   19.0425    0.8608    1.38   0.02   4.30   0.03   0.56   -22     1.61   0.02    4.14   0.03
 6198.437   4852.93   19.0577    0.7908    0.56   0.01   3.18   0.01   0.81    66     0.64   0.01    3.37   0.02
 4747.678  2720.058   19.3506    0.8298    1.02   0.02   4.89   0.04   0.62   -26     1.29   0.03    5.38   0.05
 5162.454  4639.065   19.3545    0.8469    0.53   0.01   4.60   0.03   0.85     8     0.66   0.01    4.90   0.05
 5494.493  6943.073   19.4288    0.8691    0.39   0.01   3.19   0.01   0.48   -86     0.41   0.01    3.07   0.02
  826.506  5504.654   19.5691    0.8186    0.75   0.02   4.99   0.05   0.71    54     0.80   0.04    5.01   0.14
 4400.064  4310.839   19.6067    0.8282    0.49   0.01   2.59   0.01   0.93    88     0.58   0.01    2.85   0.02
 3544.884  5684.177   19.6477    0.8592    0.62   0.01   4.19   0.03   0.69    26     0.79   0.01    4.32   0.04
 2660.348   3475.23   19.6599    0.8413    0.80   0.01   2.57   0.01   0.45    -1     0.96   0.01    2.88   0.02
   7606.3   3236.64   19.6602    0.8258    0.54   0.01   3.52   0.02   0.71   -11     0.73   0.01    3.79   0.03
 5141.477  5322.633   19.6965    0.8592    0.23   0.01   2.77   0.02   0.66    33     0.28   0.01    3.06   0.03
 2875.977  3241.295   19.7619    0.7912    0.62   0.01   5.36   0.06   0.77   -87     0.65   0.01    5.03   0.06
 7777.463  2673.107    19.772    0.8581    0.52   0.01   2.50   0.02   0.66   -60     0.66   0.04    2.60   0.13
 3357.686  5660.594   19.7992    0.8211    0.40   0.01   6.32   0.07   0.77    57     0.60   0.02    6.98   0.10
 6074.937  6784.231   19.9517    0.7946    0.69   0.01   3.22   0.03   0.49   -78     0.84   0.01    3.55   0.04
 3307.745  6331.051   20.0004    0.8096    0.35   0.01   4.46   0.05   0.43    12     0.50   0.03    5.38   0.23
 3863.033  3812.143   20.0025    0.8879    0.22   0.01   4.45   0.03   0.76    -9     0.33   0.01    5.13   0.07
 5175.446  5812.951   20.0318    0.8965    0.21   0.01   3.29   0.02   0.53    53     0.25   0.01    3.65   0.03
 4337.443  4125.955   20.0319    0.8822    0.21   0.01   3.36   0.02   0.95   -81     0.26   0.01    3.70   0.03
 5464.934  5661.681   20.0342    0.8496    0.34   0.01   3.95   0.03   0.61    57     0.49   0.01    4.59   0.06
 2718.285  1507.213   20.0866    0.8276    1.56   0.08   6.74   0.13   0.74   -68    -9.99  -9.99   -9.99  -9.99
 3356.886  4885.312   20.0901    0.8584    0.40   0.01   4.34   0.04   0.90   -27     0.53   0.01    4.49   0.06
  401.338  5806.922   20.0932     0.696    1.03   0.01   0.82   0.02   0.27    28     1.11   0.01    0.58   0.01
 2925.201  1563.468   20.1446    0.7667    1.26   0.04   5.09   0.08   0.79   -52     4.50   0.90    5.91   0.33
   646.24  4429.551   20.2261    0.7887    0.51   0.01   1.69   0.01   0.43   -20     0.52   0.01    1.39   0.02
 1864.819  1495.466   20.2486    0.9242    0.54   0.01   2.30   0.02   0.70    34     0.82   0.04    2.62   0.09
 7101.946  7481.029   20.2591    0.8258    0.29   0.01   3.20   0.03   0.35    31     0.31   0.02    3.14   0.23
 7397.073  5640.829   20.2692    0.8374    0.25   0.01   2.96   0.02   0.90    24     0.30   0.01    2.88   0.02
 1845.102  3070.047   20.3399    0.8044    0.32   0.01   3.22   0.02   0.75    36     0.38   0.01    3.18   0.03
 5667.768  5128.059   20.3902    0.7582    1.44   0.06   5.92   0.10   0.68    29     2.63   0.19    7.55   0.18
  4676.75  1884.283    20.431    0.7254    0.55   0.02   5.47   0.11   0.68    53     1.38   0.11    7.91   0.22
   958.79  3940.267   20.4363    0.7735    0.44   0.01   3.75   0.05   0.71   -63     0.50   0.01    3.87   0.07
 2860.845  3933.473   20.4425    0.8371    0.35   0.01   2.98   0.02   0.50    -2     0.38   0.01    2.98   0.03
 5945.664  6154.591   20.4686    0.7844    0.43   0.01   3.85   0.05   0.53    17     0.43   0.01    3.85   0.04
 5597.392   4933.16   20.4995     0.884    0.24   0.01   3.16   0.02   0.43   -64     0.27   0.01    2.77   0.02
  5844.25  7902.852   20.5331    0.7722    0.73   0.01   3.35   0.04   0.24   -27     0.86   0.02    3.54   0.05 
 4720.657  4459.847   20.5627    0.8376    0.14   0.01   3.26   0.04   0.87   -84     0.16   0.01    3.94   0.06
 6260.359  3100.683   20.5905    0.7115    1.28   0.10   8.91   0.24   0.76    86     1.93   0.20    9.22   0.29
  5746.65  4597.874   20.5943    0.8245    0.28   0.01   3.18   0.02   0.42    68     0.30   0.01    3.06   0.04
 5805.375  4891.213   20.6132    0.8458    0.26   0.01   2.74   0.02   0.51   -11     0.29   0.01    2.79   0.03
 5067.418   4308.93   20.6427     0.788    0.13   0.01   2.35   0.05   0.94    17     0.13   0.01    2.34   0.08
 7180.217  6420.215   20.6452    0.6323    0.84   0.02   2.45   0.03   0.29   -62     1.22   0.03    2.09   0.04
 5538.635  6202.316   20.6647    0.7672    1.35   0.11   8.87   0.25   0.66   -30     1.95   0.30    8.79   0.43
 2970.151  2675.542   20.6845      0.77    0.58   0.02   5.04   0.11   0.82   -42     0.87   0.06    5.85   0.18
 3122.324  3804.235   20.7017    0.7756    0.52   0.01   3.51   0.06   0.83   -88     0.52   0.02    3.17   0.06
  5395.13  5484.223   20.7103    0.7928    0.27   0.01   4.01   0.05   0.94    68     0.29   0.01    3.89   0.06
 3359.449  7133.239    20.719    0.7253    0.35   0.01   1.84   0.01   0.35    -3     0.38   0.01    2.07   0.02
 5232.145  5781.505   20.7295    0.6896    1.06   0.04   4.30   0.09   0.67   -71     1.46   0.09    4.78   0.13
 2702.101  4190.933   20.7407    0.8237    0.34   0.01   3.57   0.04   0.67    13     0.44   0.01    4.29   0.07
 6108.692  6122.792   20.7837    0.8672    0.18   0.01   3.14   0.04   0.75   -66     0.21   0.01    3.14   0.04
 4501.516  4542.042   20.8278    0.7802    0.19   0.01   2.91   0.03   0.87   -14     0.23   0.01    3.18   0.04
 4244.253  6416.376   20.8409    0.6863    1.50   0.10   2.33   0.08   0.92   -52     0.72   0.01    0.53   0.01
  7614.74  5548.452    20.853    0.7759    0.37   0.01   2.15   0.02   0.43   -73     0.43   0.01    2.30   0.03
 3486.408  2833.617   20.8923    0.8679    0.18   0.01   2.40   0.02   0.67    65     0.20   0.01    2.97   0.03
  2829.83  4662.208   20.9688     0.804    0.28   0.01   4.47   0.08   0.78   -72     0.43   0.02    5.55   0.14
 6193.805  3225.412   20.9794    0.7331    0.94   0.04   3.67   0.09   0.59    32     1.29   0.09    4.25   0.13
   4339.1  4387.597   20.9884    0.7678    0.18   0.01   2.09   0.02   0.50   -43     0.21   0.01    2.18   0.02
  496.862  5286.735   20.9919    0.6154    1.27   0.13   8.81   0.33   0.82   -15     2.22   0.48    8.73   0.58
 2689.357  2878.305   21.0087    0.7073    0.38   0.01   2.04   0.02   0.58     7     0.40   0.01    1.98   0.03
 3118.251   6299.89   21.0111    0.7179    0.48   0.01   3.15   0.06   0.65    28     0.55   0.02    3.35   0.07
 4843.687  5710.137   21.0142    0.8731    0.10   0.01   3.17   0.05   0.67   -63     0.13   0.01    2.73   0.04
 7715.402  4665.156   21.0296    0.7219    0.36   0.01   0.73   0.01   0.72   -38     0.33   0.01    0.70   0.01
 6152.864  6431.101    21.049    0.6516    0.48   0.01   2.24   0.03   0.52   -14     0.54   0.01    2.12   0.03
 5093.363   6894.49   21.1014    0.7575    0.30   0.01   2.90   0.04   0.52    63     0.29   0.01    3.37   0.07
  3495.47  7408.846   21.1438     0.709    0.54   0.04   8.57   0.32   0.74   -90    -9.99  -9.99   -9.99  -9.99   
 7033.861  6597.644   21.1458    0.7004    0.31   0.01   2.12   0.02   0.72   -68     0.35   0.01    2.15   0.03
 3941.178  6755.569    21.208    0.6834    1.18   0.10   4.82   0.18   0.70   -80     2.16   0.33    6.21   0.31
 5409.353  8338.449   21.2329    0.9805    0.43   0.01   3.08   0.07   0.54    53     0.35   0.01    2.21   0.08
 3329.799  3290.304   21.2932    0.7343    0.38   0.01   2.53   0.04   0.45    55     0.37   0.01    2.35   0.04
 6233.282  6808.021   21.3565    0.7812    0.16   0.01   2.06   0.03   0.69    42     0.17   0.01    2.17   0.03
 5764.883  6272.958   21.3757    0.8779    0.09   0.01   1.90   0.03   0.44    64     0.10   0.01    2.18   0.05
 5056.865  5257.953   21.4787    0.7576    0.25   0.01   1.42   0.05   0.88    61     0.27   0.01    1.48   0.05
 4961.701  4023.794   21.4876    0.7232    0.63   0.06   7.12   0.30   0.83   -45     1.08   0.16    8.56   0.47
 5449.987  8655.354   21.5034    0.8169    0.36   0.01   3.07   0.07   0.42    19     0.37   0.03    3.15   0.23
 5161.419  5001.037   21.5498    0.7136    0.22   0.01   1.99   0.05   0.54    66     0.24   0.01    2.01   0.06
 3170.172  1620.271   21.5839     0.746    0.18   0.01   2.88   0.04   0.53   -83     0.19   0.01    2.89   0.05
 4886.685  7315.102   21.6205    0.7242    0.40   0.01   1.75   0.04   0.91    38     0.44   0.01    1.86   0.05
  4960.38   2435.95   21.6644    0.7197    0.45   0.01   1.50   0.03   0.56   -81     0.48   0.03    1.98   0.10
 3470.484  4921.965   21.7896    0.6434    0.76   0.02   1.40   0.03   0.31   -73     0.80   0.02    1.54   0.04
 5673.863  6974.877     21.83    0.7322    0.24   0.01   2.48   0.06   0.95    -7     0.28   0.01    2.85   0.09
 5508.928  7742.303    21.903     0.719    0.34   0.01   1.03   0.02   0.21   -33     0.36   0.01    0.87   0.02
 8208.742  3446.254   21.9354    0.8262    0.36   0.01   1.09   0.02   0.27    61     0.43   0.01    0.98   0.03
 3746.976  3254.745   21.9481    0.8484    0.98   0.01   0.52   0.02   0.39   -36     1.16   0.02    0.46   0.02
 7932.075  2614.389   21.9598    0.6362    0.40   0.01   0.93   0.02   0.29    -5     0.41   0.01    1.18   0.06
 5770.884  7001.838   22.0293    0.7627    0.63   0.01   0.72   0.02   0.83    55     0.64   0.01    0.33   0.01
 2540.492  2009.462   22.1094    0.7292    0.21   0.01   1.91   0.04   0.74   -81     0.23   0.01    2.07   0.07
 7125.465   7318.34   22.1101    0.6517    2.01   0.28   2.94   0.23   0.28    76     1.93   0.42    2.08   0.29
 6500.412   4096.88    22.152    0.5345    0.85   0.02   1.19   0.03   0.16   -17     0.97   0.02    1.02   0.03
 4411.686  2985.668   22.1618    0.7413    0.38   0.01   2.03   0.07   0.74   -53     0.37   0.01    1.91   0.06
 6358.614  6328.942   22.1724    0.6284    0.36   0.01   1.90   0.07   0.81   -65     0.39   0.01    1.78   0.06
  3068.75  1833.921   22.1786     0.639    0.39   0.01   1.76   0.05   0.67    90     0.39   0.01    1.58   0.05
 2867.787  2677.762   22.1849    0.6715    0.25   0.01   1.36   0.04   0.43    16     0.27   0.01    1.55   0.04
 5234.289  2393.081   22.2062    0.6865    0.18   0.01   2.34   0.06   0.53   -39     0.24   0.01    3.57   0.14
 6922.539  2837.741   22.2153    0.6494    0.30   0.01   1.47   0.07   0.55   -40     0.23   0.01    1.29   0.10
 3612.231  3207.114   22.2178    0.6719    0.18   0.01   1.13   0.08   0.49   -79     0.20   0.01    1.42   0.07
 7671.957   3394.56   22.2241    0.6865    0.30   0.01   1.34   0.03   0.80    34     0.32   0.01    1.38   0.03
 6225.979  6590.132    22.225    0.8273    0.25   0.01   1.68   0.04   0.81    28     0.24   0.01    1.93   0.10
 4454.884  4252.309   22.2565    0.6346    0.14   0.01   2.87   0.09   0.90    41     0.18   0.01    4.06   0.21
 4249.175  1817.808   22.3055     0.652    0.23   0.01   2.74   0.10   0.87   -55     0.27   0.01    3.17   0.14
 4559.884  5935.897   22.3363    0.8063    0.26   0.02   4.07   0.24   0.75   -82     0.32   0.05    5.37   0.45
 1418.547  3689.924   22.3759    0.7288    0.41   0.02   1.88   0.08   0.89   -20     0.45   0.02    1.84   0.08
 1591.529  3987.306    22.391    0.6524    0.23   0.01   1.74   0.05   0.66   -30     0.27   0.01    2.11   0.07
 3347.299  4463.039   22.4563    0.6332    0.48   0.06   4.00   0.28   0.90   -55     0.48   0.06    4.00   0.28
 5974.116   5877.96   22.4642    0.6198    0.24   0.01   1.51   0.08   0.79    63     0.22   0.01    1.86   0.10
 5241.342  5308.155   22.4928    0.7977    0.16   0.01   2.00   0.06   0.81   -62     0.17   0.01    3.03   0.17
