 5020.459  4974.747  18.2093  1.0959    8.48   0.14   2.76   0.02   0.70    -3    12.37   0.28   3.22   0.03
 2205.378  7026.108  19.1389   0.945    1.94   0.25   5.15   0.28   0.48   -18     1.31   0.11   4.52   0.18
 5498.558  6820.669   19.471  0.9177    0.78   0.01   2.51   0.02   0.36     9     0.65   0.01   2.01   0.01
 8354.153  5908.124  19.6411  1.0035    1.31   0.03   5.67   0.07   0.48   -20     2.37   0.32   7.29   0.35
 4872.748   5174.03  19.7712  0.9657    0.48   0.01   3.49   0.05   0.46   -48     0.41   0.01   3.12   0.05
 4753.194   639.869  19.8707  0.8112    0.66   0.01   3.65   0.04   0.37    82     0.56   0.01   3.01   0.05
 3918.112  6831.268  20.0228  0.9745    0.41   0.01   2.52   0.02   0.80    16     0.38   0.01   2.29   0.02
 3513.239  4644.539  20.0642  0.9215    1.02   0.04   6.56   0.11   0.74   -24     0.55   0.02   4.56   0.08
 4872.892  4761.314  20.0873   0.943    0.49   0.01   4.54   0.06   0.98   -46     0.37   0.01   3.65   0.05
 4895.512  3951.785  20.1096  0.8557    0.42   0.01   4.70   0.05   0.36    51     0.38   0.01   3.81   0.04
 4305.761  5483.746  20.1387  0.7926    1.50   0.03   2.22   0.04   0.61   -64     1.23   0.01   0.98   0.01
 5007.631    7787.5  20.1539  0.9882    0.34   0.01   4.78   0.05   0.82   -59     0.26   0.01   3.89   0.04
 7438.917  8001.017  20.3298  0.8601    0.47   0.07   6.66   0.56   0.63    86     0.46   0.06   7.29   0.57
 5475.955  9149.877  20.3513  0.9145    0.53   0.01   3.75   0.04   0.53   -57     0.57   0.21   3.72   1.00
 1906.717  3762.597  20.3727  0.9042    0.53   0.01   2.87   0.03   0.37   -29     0.47   0.01   2.74   0.07
 5781.892  5185.808  20.4879  0.9507    1.39   0.29   8.78   0.68   0.53   -33     0.50   0.03   4.92   0.21
 2278.567  4963.485  20.5087  0.8938    2.59   0.28   8.92   0.28   0.90    67     1.73   0.18   8.32   0.30
 4914.199  1792.021  20.5208  0.9342    0.31   0.01   4.61   0.06   0.80    47     0.24   0.01   3.81   0.05
 5798.582  2201.887  20.5283  0.9061    2.33   0.19   5.60   0.14   0.79   -12     1.35   0.08   4.63   0.12
 3456.299  7575.675  20.5404  0.9151    1.54   0.11   6.19   0.19   0.56   -76     0.97   0.07   3.95   0.16
 1387.952  4585.275  20.5915  0.8298    0.56   0.02   6.21   0.12   0.44   -25     0.39   0.02   4.98   0.22
 4389.446  3700.659  20.6365  0.9908    0.38   0.03   6.58   0.30   0.54    -2     0.23   0.01   4.19   0.20
 3815.107  5200.636  20.6532  0.9201    0.31   0.01   3.60   0.05   0.95   -67     0.27   0.01   3.09   0.06
 6629.986  2702.444  20.7397  0.9417    0.17   0.01   3.30   0.03   0.62    12     0.16   0.01   2.53   0.03
 6924.901  7478.526  20.7684  0.9348    0.21   0.01   2.97   0.03   0.88   -66     0.18   0.01   2.51   0.03
 3999.407  6162.958  20.7721  1.0703    1.55   0.01   5.33   0.14   0.76    88     0.70   0.03   4.17   0.11
 4892.884  3433.441  20.7804  0.9147    0.22   0.01   3.27   0.03   0.47    74     0.22   0.01   2.79   0.03
 6744.287  2386.598  20.7895  1.0037    0.19   0.01   3.96   0.04   0.38   -65     0.18   0.01   2.88   0.03
 6108.954  3825.889  20.8261  0.8896    0.94   0.50   9.28   1.94   0.65     3     0.42   0.06   5.80   0.54
 3478.452   656.638  20.9149  0.9184    0.88   0.32   2.72   0.78   0.33    48     0.71   0.02   1.51   0.04
 6639.379  4138.464  20.9987   0.914    0.24   0.01   3.51   0.05   0.30    14     0.22   0.01   2.95   0.05
 6290.208  1859.755  21.0139  0.9057    0.28   0.01   3.50   0.06   0.59   -80     0.27   0.01   3.26   0.07
 5833.165   421.099  21.0409  0.8995    0.46   0.02   4.54   0.10   0.84    45     0.28   0.01   2.88   0.08
 1505.145  6723.956   21.058   0.818    0.81   0.16   6.62   0.61   0.70   -88     0.88   0.13   7.71   0.49
 5353.879  2366.544  21.0608  0.9087    0.33   0.02   6.69   0.22   0.76    11     0.27   0.01   5.54   0.19
 3776.197  3445.645  21.0818  0.8232    0.22   0.01   4.88   0.15   0.78    83     0.20   0.01   4.29   0.16
 5948.509  4155.924  21.1009  0.9556    0.16   0.01   2.77   0.09   0.74   -28     0.14   0.01   2.14   0.07
 3209.555  5983.321  21.1221  0.9099    0.27   0.01   2.00   0.02   0.44   -89     0.25   0.01   1.78   0.02
 6607.667  7387.716  21.1312   0.875    0.20   0.01   7.59   0.22   0.48    25     0.15   0.01   5.36   0.16
  4456.11  5622.632  21.1991  0.8676    0.21   0.01   2.39   0.03   0.69   -56     0.19   0.01   2.25   0.03
 4064.926  7009.724  21.2361  0.7603    0.32   0.01   7.01   0.19   0.31   -34     0.26   0.01   5.81   0.27
 5392.476  8340.546  21.2448  0.8756    0.64   0.03   3.92   0.11   0.62    86     0.76   0.33   4.71   1.11
 6049.581  5192.629  21.3337  0.7308    0.34   0.01   2.05   0.04   0.77   -12     0.31   0.01   1.99   0.04
 6092.887  1449.274  21.3454  0.9359    0.25   0.07   2.49   0.03   0.46    43     0.24   0.01   1.92   0.04
 4408.485  3986.928  21.3817  0.8254    0.53   0.06   7.95   0.43   0.68    46     0.36   0.03   6.11   0.31
 6963.047  4886.952  21.3932  0.7862    0.33   0.01   3.51   0.09   0.48   -19     0.31   0.01   3.23   0.08
 4284.765  2796.897   21.402  0.8701    0.14   0.01   3.12   0.06   0.73    30     0.09   0.01   2.93   0.06
 4153.764  6461.132  21.4167  0.6738    0.41   0.02   4.01   0.12   0.78    89     0.36   0.02   4.13   0.14
 3722.133  4609.409  21.4583  0.8415    0.15   0.01   2.89   0.05   0.96    61     0.14   0.01   2.27   0.05
 3390.483   4321.16  21.5323  0.7558    0.55   0.02   1.93   0.05   0.57   -47     0.50   0.02   1.85   0.05
 5663.205  8598.384  21.5479  0.8665    0.40   0.02   3.97   0.14   0.77   -29     0.88   0.32   5.41   0.89
 2373.429  2110.179  21.5769  0.7623    0.28   0.02   2.42   0.16   0.56    30     0.50   0.14   4.13   0.77
 7969.858  3500.688  21.6117  0.8048    1.01   0.12   5.23   0.27   0.84    36     0.54   0.04   3.88   0.18
 2142.801  3278.668  21.6342   0.783    0.25   0.01   3.31   0.16   0.88   -68     0.24   0.01   2.35   0.07
 6277.167  4350.842  21.6951  0.8275    0.27   0.01   1.61   0.03   0.53     1     0.27   0.01   1.42   0.03
 8854.968  3082.295  21.7361  0.8411    0.33   0.02   1.89   0.09   0.82   -37     0.30   0.01   1.63   0.05
 5851.381  6893.812  21.7439   0.807    0.19   0.01   3.81   0.11   0.75    69     0.18   0.01   3.69   0.13
 3304.941  6780.062  21.7546  0.8134    0.25   0.01   5.23   0.20   0.75    -6     0.23   0.01   4.70   0.20
 5933.774  3065.879  21.7913  0.7751    0.29   0.01   2.79   0.07   0.61    -1     0.27   0.01   2.66   0.08
 4587.643  3419.854  21.8274  0.8159    0.31   0.02   3.26   0.14   0.79   -18     0.26   0.02   3.27   0.17
 5724.794  5076.162  21.8423  0.8332    0.33   0.03   6.53   0.41   0.42    46     0.25   0.01   4.46   0.23
  6745.04  5810.404  21.8453  0.8177    0.32   0.03   7.01   0.42   0.62   -62     0.23   0.02   5.41   0.33
 4010.458  4091.428   21.846  0.8685    0.39   0.02   2.52   0.10   0.68   -59     0.40   0.02   2.76   0.13
 1638.142   4602.97  21.8541  0.8623    0.21   0.01   3.88   0.13   0.43   -21     0.19   0.01   3.34   0.14
 2293.926  4995.206  21.9062  0.9541    0.31   0.01   1.72   0.05   0.49    46     0.29   0.01   1.42   0.05
 2011.763  4639.354  21.9149  0.7745    0.35   0.01   2.75   0.09   0.66    14     0.34   0.02   2.99   0.12
 6452.363  1453.963  21.9248  0.8763    0.28   0.01   1.78   0.03   0.31   -87     0.25   0.01   1.53   0.03
 6845.336  8393.206  21.9314  0.8156    0.28   0.07   3.55   0.72   0.74     9    -9.99  -9.99  -9.99  -9.99
 5000.338   4462.49  21.9678   0.876    0.08   0.01   2.69   0.58   0.87   -37     0.10   0.01   2.40   0.25
 4225.471  7922.225  21.9842  0.8378    0.24   0.01   2.50   0.06   0.40   -57     0.25   0.02   2.53   0.24
 4909.719  2655.477  21.9941  0.7318    0.28   0.01   1.19   0.03   0.55    81     0.27   0.01   0.56   0.02
 4880.692  6774.641  22.0098  0.8436    0.25   0.01   2.28   0.06   0.46    -1     0.21   0.01   2.01   0.06
 2964.133   4614.84  22.1104  0.7633    0.56   0.03   2.36   0.12   0.55    55     0.47   0.02   1.99   0.09
   3802.7  4532.913    22.14  0.8373    0.23   0.01   2.38   0.08   0.76    62     0.22   0.01   2.73   0.14
 4386.241  6324.507  22.1547  0.8281    1.29   0.39   7.02   0.74   0.91    53     1.00   0.30   6.16   0.72
 3201.664  7162.974   22.228  0.7145    0.39   0.01   1.42   0.03   0.31     5     0.37   0.01   1.26   0.03
 4688.228  5607.177  22.2505  0.8476    0.15   0.01   2.47   0.07   0.74   -22     0.14   0.01   2.12   0.07
 3773.108   4216.91  22.3245  0.7871    0.22   0.01   1.48   0.13   0.72    90     0.19   0.01   1.08   0.04
 4229.822  1795.229  22.3387  0.7317    0.32   0.01   2.43   0.11   0.49    39     0.29   0.01   2.10   0.10
 5265.674  4860.822  22.3479  0.7021    0.47   0.02   1.90   0.08   0.31    29     0.47   0.02   1.83   0.09
 6153.919   6532.28   22.356  0.7772    0.41   0.02   2.65   0.11   0.26   -77     0.43   0.02   3.00   0.14
 1590.429  4863.461  22.3694  0.6863    0.55   0.04   2.63   0.16   0.49   -27     0.36   0.05   2.11   0.32
 5373.213  1307.147  22.3906  0.8451    0.35   0.01   1.11   0.03   0.62    73     0.34   0.01   0.10   0.01
  5210.53  4204.459  22.3908  0.6903    0.42   0.01   1.18   0.04   0.41    68     0.38   0.01   1.11   0.04
 2816.543  4861.282  22.4419    0.79    0.63   0.02   0.87   0.04   0.45   -79     0.64   0.01   0.51   0.03
 5464.669  7884.476  22.4752  0.8133    0.41   0.02   2.27   0.11   0.49   -51     0.31   0.01   1.87   0.09