 5001.777   4995.944   18.1488    1.816    5.98  0.04  2.94   0.01   0.55   36    4.39   0.09   3.13   0.03
 4728.027   6373.937   18.7319   2.1906    0.88  0.01  3.41   0.01   0.59   83    0.80   0.01   2.56   0.02
 4961.831   3477.041    19.137   2.2431    0.69  0.01  3.64   0.01   0.78  -19    0.82   0.02   3.94   0.06
 3655.892   6150.785   19.2191     2.24    0.67  0.01  5.25   0.03   0.64  -13    0.96   0.04   5.73   0.11
 4853.765   7069.851   19.5576    2.071    0.60  0.01  6.60   0.03   0.20   -6    0.75   0.02   5.57   0.10
 5356.427   5764.861   19.5941    2.265    0.70  0.01  5.03   0.06   0.90   46    0.84   0.04   5.11   0.13
 2625.708   5487.792   19.7181   2.1932    0.63  0.01  3.94   0.02   0.64   87    1.14   0.05   4.03   0.09
 3023.596   4786.173   19.7642   2.1868    0.55  0.01  5.71   0.04   0.91  -27   -9.99  -9.99  -9.99  -9.99
 4826.039   5290.837   19.8394   2.1582    0.51  0.01  5.42   0.10   0.43  -84    0.48   0.02   4.94   0.14
  5454.26   4993.723   19.9655   2.2041    0.45  0.01  2.64   0.01   0.41  -75    0.58   0.01   3.19   0.06
 4951.879   5964.829   20.0788   2.1704    0.38  0.01  3.49   0.03   0.80   14    0.49   0.02   4.48   0.14
 5007.431   5811.772   20.1829   2.4402    1.32  0.04  5.54   0.07   0.83   80    0.93   0.09   4.05   0.20
 6588.763   4178.652   20.2278   2.0418    0.28  0.02  3.67   0.01   0.42  -63    0.39   0.01   3.87   0.07
 5743.059   4317.527   20.2304   2.1243    0.37  0.01  4.64   0.03   0.89  -13    0.59   0.03   5.79   0.18
 4043.673   5328.356   20.2674   2.2962    0.21  0.01  3.02   0.01   0.67  -20    0.22   0.01   2.82   0.06
 4535.228    5729.96   20.2797   2.1548    0.40  0.01  4.99   0.07   0.73   49    0.42   0.03   5.02   0.24
 4049.926   5029.039   20.3688   2.1168    0.32  0.01  2.20   0.05   0.38   65    0.36   0.01   2.46   0.08
 5248.767   5679.089   20.4245   2.3598    0.29  0.01  5.87   0.14   0.83  -87    0.26   0.02   5.83   0.33
 3554.075   3788.355   20.6254   2.1087    0.27  0.01  4.36   0.03   0.86   77    0.85   0.14   9.09   0.57
 4916.662   5690.108   20.7491   2.2013    0.36  0.01  2.36   0.01   0.42   28    0.36   0.01   1.90   0.05
 4656.564   6656.462   20.7657   2.2283    0.17  0.01  3.07   0.02   0.28  -78    0.21   0.01   4.33   0.21
 4015.458   5106.892   20.8368   2.1767    0.19  0.01  4.33   0.06   0.64   79    0.38   0.05   5.90   0.38
 4454.052   3345.046     20.84   2.1234    0.65  0.01  3.47   0.04   0.45   50    1.19   0.17   4.78   0.30
 4480.249   6521.286   20.9155   2.0976    0.21  0.01  2.50   0.02   0.32  -57    0.29   0.01   3.50   0.13
  4156.66   6623.346   20.9347   1.9634    1.06  0.03  5.76   0.09   0.34  -69    1.91   0.33   4.94   0.35
 5186.093   4067.517   20.9359   2.1794    0.27  0.01  2.05   0.03   0.24  -39    0.28   0.01   2.32   0.10
 4078.064    6757.99   20.9473   2.0528    0.32  0.01  3.53   0.03   0.54  -55    0.47   0.03   4.17   0.21
 5672.554   5212.601   20.9675   2.1648    0.23  0.01  4.27   0.06   0.60  -63    0.32   0.03   5.03   0.28
 5194.299   4314.018   21.0041   2.1799    0.13  0.01  2.55   0.04   0.49   -7    0.15   0.01   3.63   0.13
  4835.18   6275.103    21.102   2.0645    0.39  0.01  1.07   0.01   0.24  -46    0.48   0.01   1.12   0.03
 5220.549   4724.166   21.1296   2.0924    0.11  0.01  2.27   0.02   0.99   76    0.20   0.02   6.72   0.54
 4970.836   4943.949   21.1442   2.0297    0.42  0.01  3.39   0.12   0.47  -12    0.35   0.05   3.24   0.42
 4613.844   3923.839   21.2669   2.0229    0.28  0.01  3.10   0.07   0.90  -20    0.94   0.48   7.30   1.42
 5361.738   5133.296   21.2946   2.0386    0.13  0.01  3.20   0.03   0.97   59    0.40   0.10   9.48   1.08
 4979.514   4866.582   21.3267   2.2241    0.07  0.01  1.85   0.19   0.50  -89    0.10   0.01   1.81   0.16
 4752.787   4481.122   21.3286   2.1721    0.25  0.01  6.92   0.23   0.80   58    0.60   0.21   8.93   1.37
  5059.92   4744.211   21.4136   2.0162    0.24  0.02  3.64   0.30   0.66   46    0.70   0.30   6.65   1.32
 4760.224   4978.516   21.5023   1.9695    0.15  0.01  4.58   0.08   0.91   29    0.25   0.03   4.75   0.38
 5510.531   4833.031   21.5045   2.0786    0.13  0.01  2.44   0.03   0.39   65    0.18   0.01   3.44   0.18
  4867.42   5342.573   21.5204   2.1381    0.13  0.01  1.41   0.27   0.39   65    0.14   0.01   2.17   0.21
 6583.855   5746.388    21.526    2.054    0.23  0.01  2.47   0.02   0.52   15    0.32   0.03   3.26   0.29
 5020.113   4819.453   21.5867   2.1024    0.14  0.01  1.40   0.19   0.56   71    0.16   0.01   2.13   0.26
 5863.658   3011.232   21.6268   1.9944    0.61  0.01  2.37   0.02   0.76  -61    1.97   1.09   4.78   0.98
 4660.913   4495.918   21.6273   1.8871    1.36  0.05  3.85   0.07   0.61  -75    2.43   1.24   4.75   0.84
 4001.163   4107.925   21.6838   2.0178    0.15  0.01  3.81   0.06   0.75   26    0.41   0.11   7.69   1.03
 4586.091    6001.29   21.8679   2.0724    0.33  0.01  2.43   0.03   0.54  -43   -9.99  -9.99  -9.99  -9.99
 6654.393    4431.38   21.9775   1.9636    0.15  0.01  2.24   0.03   0.86  -33    0.18   0.01   2.71   0.17
 5474.129   5753.316   21.9871   1.9334    0.20  0.01  2.25   0.02   0.62   11    0.22   0.01   2.09   0.13
 6006.435   5467.785   22.1737   1.9532    0.15  0.01  1.28   0.05   0.54   19    0.16   0.01   1.12   0.09
 4232.802   4943.371   22.2096   1.8426    0.41  0.01  1.86   0.02   0.55   44    0.44   0.04   1.93   0.16
 5253.973   6868.258   22.3125   2.0421    0.15  0.01  3.23   0.07   0.78  -82    0.16   0.02   3.23   0.40
 4088.652   4130.264   22.4312   2.1331    0.12  0.01  2.27   0.04   0.63   53   -9.99  -9.99  -9.99  -9.99
 5551.815   3405.127   22.4556   1.8038    0.49  0.04  6.72   0.32   0.95  -48   -9.99  -9.99  -9.99  -9.99
  5238.56   5731.118   22.4829   2.1103    0.12  0.01  0.94   0.27   0.92   -7    0.15   0.02   1.50   0.24
 6947.747   4458.244   22.5046   1.8931    0.16  0.01  1.60   0.02   0.88  -45    0.18   0.01   2.09   0.16
 4472.663   7436.196    22.675   1.7873    0.19  0.01  4.15   0.15   0.80   88    0.29   0.09   5.69   1.08
  7124.27   4531.504    22.699   1.9619    0.26  0.01  3.32   0.10   0.89   23    0.43   0.15   4.99   1.01
 7482.857   4567.341    22.724   1.8438    0.44  0.01  0.99   0.02   0.77   -7    0.62   0.06   1.47   0.13
 5170.561   4141.692   22.7374   1.9267    0.21  0.01  1.60   0.05   0.85  -14    0.23   0.03   1.89   0.23
 3072.291   5695.847   22.8093   1.7302    0.58  0.01  0.82   0.02   0.24  -87    0.71   0.03   0.67   0.05
 5890.736    4732.24   22.8167   1.8713    0.15  0.01  3.30   0.11   0.73   78    0.56   0.33   7.57   2.07
 4600.318   3997.546   22.8285   2.2515    0.26  0.01  1.50   0.03   0.62  -89    0.41   0.12   2.33   0.63
 2952.573   5866.025    22.885    1.649    0.30  0.01  0.27   0.05   0.26  -50    0.47   0.11   2.39   0.42
  3416.04   6206.259   22.8876    1.674    0.24  0.01  2.36   0.07   0.55   30    0.25   0.02   2.03   0.21
 3795.179   6264.124   22.8987   1.9704    0.12  0.01  2.46   0.06   0.81  -81    0.12   0.02   4.10   0.91
 5190.525   4566.752   22.9016   1.9189    0.06  0.01  2.55   0.13   0.72   45    0.06   0.01   7.28   2.24
 4198.593   4309.631   22.9574   1.6239    1.81  0.16  1.79   0.10   0.39  -61    1.14   0.10   0.88   0.09
 4254.845   3496.823   22.9758   1.6149    0.30  0.01  1.43   0.03   0.27   55    0.33   0.02   1.79   0.16
 5352.238   4634.008   22.9784   1.8379    0.13  0.01  1.39   0.04   0.72   15    0.15   0.01   1.98   0.24
 3826.338   6377.323   22.9931   1.6499    0.19  0.01  1.90   0.01   0.74   85    0.19   0.02   2.06   0.26
