 3804.361   5585.404  18.0566   1.9729     4.76   0.12   7.43   0.06   0.75   66     0.77   0.01   3.72   0.05
 5043.794   4173.161  18.4631   1.8943     2.60   0.03   4.38   0.03   0.88  -28     3.23   0.96   5.14   0.49
 3851.325   5185.601  18.8424    1.922     1.23   0.02   5.03   0.04   0.80   49     0.57   0.01   2.64   0.04
 3833.804   4498.877  18.8759   2.0267     1.13   0.06   6.56   0.16   0.90  -18     1.71   0.19   7.04   0.29
 5897.832   6266.813  19.0676   2.1731     0.52   0.03   7.79   0.22   0.92   14    -9.99  -9.99  -9.99  -9.99   
 6903.572   5603.382  19.5413   1.8724     1.71   0.05   5.88   0.07   0.87  -72     0.97   0.05   3.97   0.09
 6030.331   5623.116   19.582   1.8275     0.52   0.01   3.50   0.07   0.91  -72     0.44   0.02   3.77   0.15
 3110.199   5211.327   19.617    1.953     3.72   0.15   6.74   0.08   0.87  -36     1.00   0.07   4.30   0.14
 6139.035   5835.221  19.6342   1.7781     0.50   0.01   4.32   0.02   0.82    5     0.36   0.01   3.00   0.05
 4688.661   5180.907  19.6409   1.7929     0.60   0.01   5.71   0.04   0.72    3     0.52   0.03   4.53   0.16
 3199.609   6234.098  19.6851   1.8393     0.60   0.01   6.14   0.07   0.58   34     0.56   0.03   5.83   0.18
 6447.706   5286.092  19.6857   1.8086     0.69   0.01   5.08   0.05   0.94   74     1.41   0.15   5.97   0.23
 6001.623   5143.727  19.7715   1.8317     0.62   0.01   4.87   0.02   0.72  -83     0.54   0.02   3.66   0.09
 4209.472    3304.51  19.7799   1.8006     0.60   0.01   3.82   0.01   0.37  -72     0.44   0.01   4.62   0.10
 6317.557   6119.019   19.782   1.9636     0.48   0.01   3.66   0.08   0.92  -58     3.64   0.90   8.30   0.55
 4126.251   2799.138  19.7887   1.8178     0.57   0.01   5.12   0.04   0.91  -80     0.36   0.01   3.22   0.09
 5531.967   4648.675  19.8129   1.6836     0.40   0.01   3.49   0.01   0.34  -42     0.40   0.01   3.37   0.05
 3871.641   5616.183   19.881   1.6608     0.74   0.03   5.49   0.13   0.74  -32     0.50   0.03   3.93   0.17
  3733.53   4445.694  19.8978   2.0027     0.50   0.01   4.03   0.09   0.44  -26     0.56   0.03   4.27   0.14
 4237.604   4367.692  19.9683   1.8788     0.27   0.01   5.00   0.03   0.70   74     0.28   0.01   4.79   0.13
 5026.034   4075.097  20.0831   2.2404     0.22   0.01   2.07   0.05   0.85   24     0.16   0.01   2.09   0.08
 5311.479   3755.132  20.1036   1.8277     0.48   0.03   4.93   0.26   0.65   17     0.90   0.09   7.18   0.32
 3967.644   6127.751  20.1514   1.8327     0.47   0.01   6.84   0.08   0.84  -41     0.35   0.04   5.79   0.41
 4787.802   3381.194  20.2208   1.7563     0.52   0.01   5.44   0.04   0.71  -86     0.88   0.10   6.55   0.32
 4648.513   3641.862  20.2303   1.6404     1.49   0.03   6.06   0.06   0.59   27     1.99   0.28   6.80   0.34
 4531.992   3217.994  20.2934   1.6871     0.24   0.01   3.15   0.09   0.56  -56     0.28   0.02   4.94   0.34 
 5944.505   5630.004  20.2992   1.7281     0.34   0.01   2.62   0.08   0.85  -21     0.45   0.03   3.44   0.17
 5488.791   3956.176  20.3104   1.7168     0.32   0.01   3.24   0.02   0.27   54     0.35   0.01   3.47   0.08
 3984.029   6067.027  20.3304   1.8476     0.47   0.01   9.46   0.18   0.92   -5    -9.99  -9.99  -9.99  -9.99
 4139.105    5599.46  20.3341   1.7583     0.26   0.01   3.98   0.04   0.53  -13     0.16   0.01   2.37   0.12
 4757.531    3945.63  20.3548   1.7845     0.28   0.01   6.11   0.11   0.65  -72     0.19   0.01   2.82   0.06
 7093.386   4471.286   20.356    1.731     0.26   0.01   2.45   0.05   0.40    7     0.40   0.02   4.05   0.12
 4170.789   4557.863  20.3617   1.7967     0.28   0.01   3.45   0.01   0.36  -29     0.28   0.01   3.73   0.13
 2194.792   5640.293  20.3944   1.7356     0.40   0.01   5.21   0.05   0.71   -6     0.69   0.09   7.23   0.40
  5792.92   5877.506  20.3977   1.7452     0.37   0.01   2.74   0.02   0.44   39     0.57   0.04   4.00   0.17
 4463.587   4483.458  20.4509   1.7333     0.21   0.01   1.72   0.02   0.81   25     0.19   0.01   1.25   0.16
 5722.181   6049.262  20.4788   1.7332     0.25   0.01   3.24   0.02   0.31   44     0.39   0.02   5.48   0.22
 3317.366    4449.65  20.4898   1.7239     0.24   0.01   2.94   0.02   0.49   74     0.31   0.01   3.84   0.12
 5163.754   5258.731  20.4949   1.9507     0.50   0.11   8.05   0.49   0.91  -41     0.39   0.05   5.47   0.35
  5031.39   2465.818    20.54   1.6266     0.40   0.01   3.00   0.02   0.51  -81     0.54   0.05   2.70   0.18
  4202.94   2527.703  20.5979   1.7237     0.33   0.01   2.73   0.01   0.45   12     0.24   0.03   1.70   0.27
 5949.864   5704.497  20.6339   1.8957     0.25   0.01   2.45   0.11   0.38   79     0.25   0.01   2.92   0.10
 3887.852   2993.209  20.6354   1.7247     0.32   0.01   3.52   0.06   0.44   -2     0.35   0.02   3.80   0.16
 5083.519   3810.966  20.6448   1.6201     0.30   0.01   3.04   0.08   0.41   86     0.60   0.07   5.56   0.39
 5231.659   5349.227  20.6453    1.794     0.37   0.01   6.21   0.16   0.20  -40     0.31   0.01   3.86   0.14
 5638.979   5717.271  20.7025   1.7977     1.17   0.06   8.87   0.18   0.76  -66     1.14   0.27   7.77   0.74
 5077.917   4144.673  20.7109   1.5385     0.36   0.02   3.60   0.18   0.67  -28    -9.99  -9.99  -9.99  -9.99
 6930.644   4327.104  20.7397    1.762     0.25   0.01   2.74   0.02   0.28   -2     0.29   0.01   3.14   0.09
  4579.52   3300.812    20.74   1.7327     0.50   0.01   0.69   0.03   0.71   36     0.73   0.02   0.75   0.03
 4797.894   5107.295    20.76   1.8483     0.34   0.01   4.53   0.07   0.98   76     0.33   0.03   4.44   0.26
 7263.519    4379.25  20.8077    1.753     0.73   0.02   4.95   0.08   0.77    1     0.54   0.06   4.30   0.27
 3430.717   4235.778  20.8112    1.691     0.20   0.01   2.12   0.04   0.49  -70     0.25   0.01   3.33   0.11
 5867.069    6429.67  20.8364   1.8559     0.39   0.01   3.69   0.05   0.38  -13     0.53   0.05   4.37   0.26
  5767.35   5030.704  20.8892   2.0262     0.15   0.01   1.79   0.07   0.58   35     0.42   0.03   2.58   0.15
 3950.139   5090.771  20.9154   1.7688     0.25   0.01   1.92   0.01   0.52    7     0.28   0.01   2.21   0.07
  6007.98   5726.264  20.9198    1.875     0.70   0.14   8.29   0.89   0.84   19     0.22   0.02   4.37   0.34
 6563.305   5258.172  20.9244     1.82     0.47   0.01   4.01   0.05   0.61  -13     0.57   0.07   4.36   0.29
 4430.955   5953.995  20.9395   1.7939     0.60   0.04   9.67   0.31   0.42   -6     0.29   0.02   4.76   0.30
 5475.131   3742.234  21.0021   1.6823     0.93   0.06   7.87   0.21   0.82  -53     0.75   0.17   6.94   0.64
  6974.96   5198.158  21.0124   1.8015     0.16   0.01   2.73   0.03   0.38  -25     0.18   0.01   2.98   0.10
 5734.212   5306.227  21.0429   1.7982     0.27   0.01   2.35   0.02   0.48   72     0.27   0.01   1.99   0.07
 5246.384   3789.163  21.0529   1.7629     0.24   0.01   2.78   0.05   0.68   61     0.19   0.01   3.46   0.17
 5310.558   3123.482  21.0695    1.721     0.58   0.03   6.00   0.17   0.90   15     0.72   0.19   6.88   0.74
 5641.325   6169.643  21.1408   1.7618     0.50   0.02   4.20   0.12   0.28  -23     0.47   0.04   3.44   0.23
 3847.524   4401.323  21.1536   1.9681     0.27   0.01   0.82   0.02   0.71  -88     0.31   0.01   0.73   0.03
 5024.357   3864.644  21.1544   1.7284     0.29   0.01   1.69   0.02   0.32  -34     0.32   0.02   2.40   0.18
 5430.648   6276.034   21.157   1.7942     0.34   0.01   5.51   0.08   0.24    5     0.65   0.17   6.29   0.87
 3329.548   4930.175  21.1644   1.7082     0.28   0.01   4.04   0.04   0.30   58     0.35   0.02   4.61   0.26
 4974.069   4005.749  21.2016   1.8257     0.31   0.01   3.73   0.10   0.83  -30     0.59   0.17   5.82   0.76
 3682.242   3866.324  21.2107   1.7232     0.22   0.01   3.44   0.06   0.86    9     0.20   0.02   4.56   0.32
  3049.92   6145.463   21.218   1.7001     0.54   0.02   6.51   0.15   0.73    6     0.73   0.19   8.09   0.90
 4860.213   3194.103  21.2812      1.6     0.34   0.01   4.16   0.06   0.94  -62     0.99   0.32   7.26   0.85
 6026.233   5338.043  21.2944   1.6619     0.28   0.01   3.35   0.03   0.48  -79     0.30   0.02   3.04   0.16
 6197.244   6480.481  21.3279   1.7881     0.23   0.01   2.84   0.02   0.40   -3     0.26   0.01   3.00   0.16
 4461.998    5041.89  21.3404   1.5558     0.28   0.01   3.97   0.04   0.42  -73     0.32   0.02   3.51   0.26
 5081.881   4573.365  21.3562   1.6509     1.00   0.05   5.13   0.14   0.93   59     2.41   1.21   7.52   1.13
 3209.063   4587.631  21.3806   1.7229     0.15   0.02   4.03   0.95   0.71  -53     0.10   0.03   5.37   2.34
 3874.595   4230.026  21.3878   1.6619     0.13   0.01   3.49   0.04   0.81   19     0.17   0.01   3.90   0.23
 5904.572   6631.714  21.4368   1.6994     0.58   0.02   5.34   0.10   0.64  -27     0.54   0.09   3.98   0.37
 4832.463      4647.  21.4595   1.6907     0.13   0.01   4.06   0.05   0.90   25     0.15   0.01   2.79   0.15
   4716.5   5705.424   21.508   1.6838     0.24   0.01   1.83   0.10   0.45  -25     0.39   0.17   3.23   1.16
 5913.338   6049.055  21.5304   1.7038     0.27   0.01   4.28   0.07   0.76   87     0.30   0.04   3.87   0.35
 4798.528   6458.195  21.5504   1.6323     0.18   0.01   2.27   0.02   0.74   24     0.19   0.03   1.61   0.32
 4189.389   5216.638  21.6286   1.7234     0.20   0.01   4.08   0.07   0.77   39     0.18   0.01   3.54   0.28
 5008.781   2851.091  21.6395   1.6879     0.21   0.01   2.61   0.07   0.56   73     0.23   0.02   2.41   0.19
 6396.334   3554.502  21.6441   1.8904     0.36   0.01   1.45   0.02   0.62  -68     0.42   0.02   0.96   0.06
 5136.734   5061.002  21.7044   1.5787     0.24   0.01   2.42   0.02   0.52   53     0.63   0.12   5.53   0.58
  4738.61   4940.561  21.7126   1.6166     0.38   0.01   2.60   0.03   0.72  -52     0.38   0.04   2.37   0.19
 5106.652   3484.561   21.732   1.5665     0.35   0.01   4.01   0.07   0.36   50     0.75   0.38   7.00   1.61
 3703.142   3993.667   21.735   1.6431     0.28   0.01   3.00   0.03   0.60  -86     0.35   1.16   3.01   0.24
 2434.887     5857.6  21.8183   1.7658     0.49   0.01   0.54   0.01   0.57  -11     0.53   0.01   0.25   0.01
 4716.267   3877.656  21.8301   1.6751     0.16   0.01   6.92   0.29   0.33  -41     0.27   0.06   7.92   1.06 
 5603.302   4831.466  21.8729   1.9241     0.91   0.18   6.24   0.52   0.89   27     0.23   0.02   2.05   0.26
  4602.42   3882.322  21.8768   1.5591     0.46   0.01   2.17   0.02   0.43  -48     0.58   0.07   2.95   0.26
 4356.147   6149.052  21.9653   1.5586     0.24   0.01   3.16   0.04   0.49  -46     0.23   0.02   2.86   0.23
 6183.347   5238.235  21.9896   1.6675     0.27   0.01   3.52   0.06   0.55  -77     0.27   0.03   3.17   0.28
 5445.639   6202.232  21.9936   1.7362     0.09   0.01   4.10   0.12   0.92  -24     0.11   0.01   2.69   0.25
 4196.313    3920.84  22.0025   1.4956     0.33   0.01   2.21   0.02   0.67   15     0.24   0.01   1.43   0.07
 7025.669   5306.918  22.0617     1.75     0.27   0.01   2.78   0.04   0.52   34     0.19   0.01   1.29   0.10
 3146.721   5491.084  22.0631   1.4264     0.18   0.01   1.62   0.02   0.56  -13     0.18   0.01   1.58   0.08
 4182.124   5548.786  22.0767   1.5196     0.14   0.01   1.36   0.28   0.48  -19     0.15   0.01   1.62   0.17
 5929.555   5758.344  22.1027   1.5013     0.23   0.01   1.20   0.17   0.48   67     0.22   0.01   1.57   0.11
 3595.076   3877.888   22.124   1.5505     0.25   0.01   1.51   0.01   0.70  -39     0.25   0.01   1.72   0.11
 3939.947   4005.242  22.1265   1.5116     0.07   0.01   3.23   0.12   0.79  -85     0.09   0.01   4.82   0.65
 6418.062   5553.982  22.1318   1.4332     0.38   0.01   2.57   0.04   0.48  -70     0.47   0.07   3.32   0.35
 2475.475   5455.975   22.133   1.6991     0.22   0.01   2.20   0.03   0.57  -34     0.22   0.01   2.02   0.14
  3866.38   4840.058  22.1607   1.5788     0.15   0.01   4.33   0.10   0.79  -25     0.24   0.05   5.02   0.69
 4614.401   4290.783  22.2036   1.4878     0.24   0.01   1.03   0.01   0.61  -25     0.24   0.01   1.39   0.08
 3853.916   6121.449  22.2465   1.4095     0.38   0.01   3.87   0.13   0.69  -81     0.36   0.06   3.10   0.35
 3674.834   6009.976  22.2471   1.3616     0.26   0.01   2.41   0.05   0.89   -2     0.24   0.01   1.98   0.18
 6645.127   5787.835  22.3305   1.5436     0.16   0.01   1.67   0.03   0.27  -27     0.19   0.01   1.68   0.11
 3105.115   5671.633  22.4389   1.4079     0.27   0.01   2.31   0.04   0.95   49     0.27   0.02   1.78   0.15
 5352.016   5369.398  22.4751   1.5493     0.20   0.01   2.81   0.13   0.52  -11     0.22   0.03   2.81   0.38
