 5000.571  4997.096  17.5459   0.631   2.23   0.01   1.81   0.01   0.72   47    2.06   0.01   1.66   0.01
 3605.243  8351.213  18.6974  0.8424   1.31   0.01   4.32   0.02   0.93  -24    0.73   0.01   3.67   0.02
 4372.431  7519.798  18.7651  0.8033   0.68   0.01   4.52   0.03   0.79   -8    0.66   0.01   4.08   0.02
 2037.049  5720.222  18.9505  0.8421   0.80   0.01   3.13   0.01   0.66   56    0.64   0.01   2.59   0.01
 2850.399  7388.441  19.4144  0.8504   0.48   0.01   4.32   0.02   0.77  -34    0.40   0.01   3.61   0.02
 4649.201   4719.75  19.4433  0.8731   0.80   0.01   5.00   0.05   0.68   22    0.65   0.02   3.90   0.09
  3183.75  6489.864  19.4498  0.8492   0.41   0.01   2.97   0.01   0.51    0    0.41   0.01   2.71   0.01
 4357.118  6779.971  19.4576  0.8884   0.91   0.02   5.60   0.06   0.75   73    1.09   0.03   5.47   0.08
 1411.946  7170.004  19.5847  0.8736   1.31   0.04   5.75   0.07   0.63   56    1.18   0.12   4.99   0.23
   2724.7  4973.154  19.6111  0.7924   0.98   0.01   4.31   0.03   0.50  -61    0.88   0.01   3.80   0.03
 6433.064  1524.766  19.6882  0.8967   0.42   0.01   3.02   0.02   0.49  -75    0.43   0.01   2.84   0.05
 5151.365  4601.007  19.7134  0.8821   0.40   0.01   5.47   0.06   0.73   68    0.39   0.01   4.70   0.06
 5379.471  5029.544  19.7234    0.88   0.20   0.01   3.85   0.11   0.42  -57    0.22   0.01   3.76   0.07
 3219.524  9234.067  19.7775  0.8466   0.43   0.01   3.73   0.02   0.47  -66    0.44   0.01   3.34   0.07
 3445.739  3083.607   19.797  0.7245   0.61   0.01   3.50   0.03   0.55  -12    0.61   0.01   3.06   0.05
 6703.729  5706.984  19.8133  0.7541   1.19   0.04   7.56   0.08   0.35   76    1.13   0.02   6.44   0.06
 6016.695  6097.946  20.0026  0.8333   0.76   0.02   7.16   0.11   0.87  -40    0.56   0.01   5.20   0.07
 7663.257  4558.892  20.1029  0.8409   0.32   0.01   3.51   0.02   0.61  -83    0.32   0.01   3.05   0.02
 6674.751  6032.687  20.1639  0.6911   0.98   0.02   5.16   0.07   0.51   44    0.76   0.01   3.62   0.04
  3005.65  8575.453  20.1779  0.7792   0.44   0.01   2.62   0.02   0.66   27    0.42   0.01   2.49   0.03
 8193.598  6239.122  20.1861  0.6555   0.43   0.01   3.20   0.03   0.63  -83    0.40   0.01   2.55   0.07
 3129.066  8964.188  20.2352  0.7608   0.61   0.02   5.26   0.08   0.83   29    0.52   0.02   4.40   0.09
 4768.739  3428.154   20.293  0.6942   0.62   0.01   5.07   0.06   0.26  -41    0.60   0.01   4.42   0.07
 6154.006  7836.867  20.3025  0.7589   1.22   0.07   6.56   0.15   0.94   48    0.70   0.02   4.69   0.08
 5219.622  5304.084  20.3215  0.8342   0.26   0.01   2.67   0.02   0.69  -80    0.26   0.01   2.32   0.01
 6736.255  7625.704  20.3436  0.7475   0.40   0.01   4.20   0.05   0.69  -87    0.37   0.01   3.22   0.03
 3375.359  8314.952  20.3553   0.639   0.33   0.01   3.69   0.07   0.80  -62    0.27   0.01   3.02   0.09
 6280.854  5677.557  20.4443  0.7341   1.10   0.05   4.96   0.10   0.76   63    0.76   0.02   3.79   0.06
 3902.758  8542.923  20.4627  0.8065   0.29   0.01   3.20   0.03   0.38  -80    0.32   0.01   3.03   0.06
 3796.195  6050.003  20.4689   0.737   0.19   0.01   2.36   0.03   0.40  -28    0.20   0.01   1.89   0.02
 3683.813  5380.529  20.4975  0.8256   0.21   0.01   3.33   0.03   0.82   27    0.23   0.01   2.68   0.02
 4229.041  4955.103  20.5415  0.7765   0.52   0.01   4.58   0.08   0.81  -83    0.43   0.01   3.65   0.05
 5321.598  4968.786  20.5466  0.8196   0.24   0.01   3.08   0.12   0.85  -41    0.25   0.01   2.54   0.06
 5304.355  4527.865  20.5478   0.786   0.48   0.01   4.86   0.08   0.69  -66    0.40   0.01   3.86   0.05
 7140.372  2606.822  20.5484  0.8153   0.35   0.01   3.36   0.04   0.59   76    0.40   0.01   2.96   0.09
 4396.549  4892.183  20.5525  0.8279   0.22   0.01   2.89   0.03   0.63   49    0.23   0.01   2.13   0.02
 4481.106  4255.728  20.5642  0.7967   0.33   0.01   4.06   0.05   0.57  -36    0.29   0.01   3.09   0.03
 2390.772  6035.083  20.5981  0.7989   0.25   0.01   4.02   0.04   0.89  -84    0.27   0.01   3.43   0.04
 4900.783  6390.245  20.6454  0.6481   1.17   0.07   6.53   0.17   0.74   25    1.25   0.09   6.06   0.16
 4912.483  4736.028  20.6682  0.8264   0.23   0.01   3.32   0.03   0.51   49    0.23   0.01   2.54   0.02 
 7729.695  5796.564  20.7155  0.7926   0.16   0.01   3.98   0.04   0.54  -43    0.18   0.01   3.06   0.03
  5085.34  4907.486  20.7304  0.9224   0.13   0.01   1.89   0.21   0.49  -58    0.14   0.01   1.70   0.14
 7003.127  7158.769   20.783  0.7054   0.55   0.01   3.09   0.04   0.37   53    0.52   0.01   2.76   0.03
 6224.154  4561.066  20.7907  0.8707   0.16   0.01   1.95   0.02   0.44   77    0.17   0.01   1.64   0.02
 5476.356  4346.207   20.797  0.7308   0.37   0.01   3.06   0.04   0.35   51    0.37   0.01   2.68   0.03
 4698.872  4955.868   20.803  0.7351   0.42   0.03   5.49   0.26   0.60  -22    0.37   0.03   4.17   0.27
 6026.365  5484.739  20.8296  0.7177   0.28   0.01   2.93   0.02   0.31  -51    0.28   0.01   2.17   0.02
 5980.906   4754.57  20.8465  0.8294   0.11   0.01   2.78   0.04   0.36   -4    0.14   0.01   2.40   0.04
 1558.104  6260.839  20.9155   0.662   0.65   0.02   3.90   0.07   0.87  -72    0.66   0.02   3.84   0.07
 2131.548  4454.227  20.9504  0.8221   0.44   0.01   5.23   0.10   0.63   83    0.39   0.01   4.28   0.08
 6414.625  2340.797  20.9752  0.7408   0.32   0.01   3.79   0.06   0.59  -48    0.30   0.01   2.92   0.04
 1776.857  4355.462  21.0435  0.6629   0.55   0.01   0.48   0.01   0.60   28    0.61   0.01   0.42   0.01
  5836.25  2493.893  21.0762  0.6485   1.23   0.05   2.79   0.07   0.58   48    1.10   0.04   2.53   0.06
 3448.744  5980.104  21.1197  0.7641   0.37   0.01   4.88   0.12   0.86   36    0.33   0.01   4.05   0.08
 4266.089  8105.604  21.1272  0.7776   0.77   0.01   0.64   0.01   0.36  -23    0.73   0.01   0.40   0.01
  3707.05  4191.633  21.2602  0.8186   0.17   0.01   6.84   0.21   0.78   57    0.15   0.01   3.97   0.08
 5216.143  4795.634  21.2755  0.6865   0.42   0.01   4.13   0.10   0.65   65    0.38   0.01   3.21   0.07
 2785.143  4501.713  21.2925  0.5984   0.44   0.01   2.25   0.03   0.26   50    0.47   0.01   2.03   0.02
 4671.225  5358.702  21.3234  0.7005   0.21   0.01   2.82   0.13   0.63   59    0.20   0.01   2.31   0.17
 6701.608  4280.042  21.3289  0.6555   0.45   0.02   4.54   0.12   0.93  -50    0.38   0.01   3.50   0.07
 5016.299  4700.672  21.3298   0.739   0.10   0.01   3.08   0.15   0.97   28    0.12   0.01   2.16   0.23
 2400.407  3092.129   21.349  0.6714   0.15   0.01   3.58   0.05   0.44   16    0.16   0.01   3.05   0.04
 4292.912  3297.048  21.3552  0.7312   0.28   0.01   2.16   0.03   0.42  -47    0.32   0.01   2.29   0.03
 8434.639  5383.978  21.3738  0.7416   0.59   0.24   2.86   0.89   0.62  -21    0.44   0.02   2.02   0.11
 4311.683  5064.732  21.3744   0.755   0.26   0.01   2.33   0.04   0.95  -55    0.25   0.01   2.27   0.03
 2829.019   3454.76  21.3895  0.6341   0.45   0.01   1.85   0.03   0.69   48    0.57   0.02   2.66   0.07
  4499.01  5177.118   21.466  0.7617   0.29   0.01   1.60   0.05   0.59  -51    0.28   0.01   1.59   0.04
 5037.167  4294.212  21.5067  0.7363   0.11   0.01   3.81   0.07   0.58  -19    0.14   0.01   3.03   0.05
 1188.956  7769.046  21.5612  0.7581   0.42   0.01   2.78   0.08   0.69  -50    0.38   0.05   2.04   0.29
 5642.619  3329.506  21.5787  0.6735   0.27   0.01   2.36   0.04   0.44  -38    0.27   0.01   2.16   0.03
 7905.736  1821.479  21.5801  0.7093   1.67   0.19   3.90   0.22   0.40  -33   -9.99  -9.99  -9.99  -9.99
 5800.886  6055.327  21.6337  0.6312   0.24   0.01   2.84   0.06   0.59  -53   -9.99  -9.99  -9.99  -9.99
 5465.944  4367.503  21.6664  0.6679   0.22   0.01   1.62   0.03   0.63  -61    0.24   0.01   2.47   0.05
 5653.948  2136.938  21.6979   0.608   0.58   0.02   2.65   0.08   0.62  -39    0.59   0.02   2.47   0.06
 1787.422   6107.13  21.7263  0.6767   0.50   0.01   1.93   0.05   0.80   51    0.46   0.01   1.71   0.04
  4736.24  4886.085  21.7689  0.7296   0.15   0.01   2.59   0.08   0.78  -20    0.16   0.01   2.69   0.07
 2735.647  5383.826  21.8209  0.6352   0.24   0.01   1.43   0.03   0.86  -22    0.24   0.01   1.46   0.03
 2990.105  3942.807  21.8445  0.6589   0.37   0.01   1.89   0.04   0.38   -8    0.35   0.01   1.67   0.03
 6587.529  7800.624  21.8767  0.6225   0.83   0.08   2.90   0.16   0.98   73    0.62   0.03   2.35   0.09
 6171.688  1933.897   21.877  0.5712   0.38   0.02   4.13   0.15   0.87   53    0.51   0.03   4.44   0.17
 1510.322  6241.086  21.8799  0.7528   0.26   0.01   1.77   0.03   0.54   30    0.25   0.01   1.58   0.03
  2975.89   7899.02  21.8888  0.7438   0.20   0.01   1.88   0.03   0.70  -70    0.20   0.01   1.79   0.04
 1033.012  4628.027  21.9055  0.6501   0.41   0.01   1.64   0.04   0.45   56    0.40   0.03   1.72   0.13
 3735.423  6222.179  21.9175  0.7046   0.27   0.01   2.93   0.08   0.77   44    0.25   0.02   2.54   0.06
 2936.715  6401.341  21.9412  0.7538   0.11   0.01   4.08   0.14   0.75  -82    0.10   0.01   5.01   0.22
 4479.558  5099.873  21.9589  0.7318   0.13   0.01   1.75   0.07   0.97   70    0.14   0.01   1.34   0.05
 4267.914  6487.282  21.9598  0.7036   0.75   0.06   3.10   0.15   0.69  -15    0.70   0.14   2.82   0.38
 6088.372  4366.433  21.9608  0.7377   0.14   0.01   2.73   0.05   0.59  -64    0.15   0.01   2.26   0.04
 6231.443  1740.245  21.9849  0.7722   0.08   0.01   3.84   0.12   0.70  -85    0.09   0.01   2.64   0.07
 3407.418  4903.924  21.9876  0.6868   0.14   0.01   3.24   0.08   0.65  -67    0.13   0.01   2.34   0.05
 7033.759  5998.624  22.0121  0.6924   0.30   0.02   4.38   0.21   0.78   -7    0.26   0.01   3.14   0.10
 3860.538  5971.818   22.015  0.7003   0.18   0.01   6.15   0.35   0.78    5    0.19   0.07   4.77   1.66
 8264.907  6104.462  22.0206  0.5373   0.88   0.03   1.10   0.05   0.80   29    0.78   0.03   0.51   0.04
 4415.833  3013.801  22.0548  0.5069   0.41   0.01   2.10   0.07   0.77  -68    0.46   0.02   2.22   0.06
 4595.433  5292.103  22.0836  0.7636   0.06   0.01   4.05   1.28   0.59  -32    0.06   0.01   2.72   0.18
 4456.033  4457.018  22.1425  0.8014   0.16   0.01   4.55   0.24   0.85  -38    0.14   0.01   3.12   0.11
 3748.818   2681.41  22.2009  0.6664   0.35   0.01   1.72   0.06   0.85  -63    0.34   0.01   1.60   0.05
 7716.374  3108.621  22.2017  0.6034   0.38   0.02   1.77   0.08   0.79   17    0.34   0.04   1.59   0.20
 5240.867  5680.048  22.2083  0.5399   0.56   0.02   1.15   0.05   0.76  -49    0.65   0.02   1.25   0.05
 2099.839  5692.405  22.2593  0.7978   0.24   0.03   8.67   0.83   0.76  -75    0.26   0.04   7.63   0.65
 2838.952    5544.3  22.2785  0.7381   0.86   0.09   3.22   0.21   0.55   89    0.80   0.09   3.15   0.20
 8317.914  5730.336  22.2884  0.7206   0.73   0.06   1.38   0.10   0.73   32    0.55   0.03   1.12   0.06
 5935.891   3632.24  22.3201  0.7081   0.08   0.01   3.56   0.17   0.96  -36    0.10   0.01   4.36   0.23
 4762.462  6512.542  22.4087    0.66   0.49   0.04   2.48   0.16   0.65   63    0.41   0.02   2.02   0.10
 6050.811   5715.18  22.4553  0.5759   0.34   0.02   2.97   0.15   0.60  -20    0.34   0.02   2.67   0.11
  3087.42   2457.83  22.4747  0.6084   0.42   0.02   1.63   0.07   0.53   38    0.42   0.01   1.62   0.06
 3496.858   6443.44  22.4983  0.7699   0.39   0.01   0.57   0.05   0.64  -57    0.39   0.01   0.86   0.04